template: round: R1, R2; value: V1, V2; quorum_1: QUORUM_11; quorum_2: QUORUM_21; node: N1
possible_exist: QUORUM_21; N1
never_used: QUORUM_11
total-ordered-types: round: le
type-abbr: round: R; value: V; quorum_1: QUORUM_1; quorum_2: QUORUM_2; node: N
relations: member_1: node, quorum_1; member_2: node, quorum_2; one_a: round; one_b_max_vote: node, round, round, value; one_b: node, round; left_rnd: node, round; proposal: round, value; vote: node, round, value; decision: node, round, value
functions: 
individuals: none: round
max-literal: 4
max-or: 4
max-and: 3
max-exists: 2
instance-sizes: 2,1,3,1,2;  2,1,3,2,1;  3,3,2,1,3;  1,2,3,2,3;  1,2,1,3,1;  3,2,2,2,3;  1,3,1,3,3;  2,3,2,3,2;  3,1,2,3,2;  2,2,2,3,2;  3,3,3,2,1;  1,1,1,1,1;  3,2,2,1,1;  1,2,2,3,1;  1,3,2,2,3;  1,3,2,3,2;  1,2,1,1,3;  3,1,3,3,2;  1,2,1,2,2;  2,2,3,2,2;  3,1,1,2,3;  2,1,1,1,2;  2,1,3,2,3;  1,2,2,1,3;  3,3,1,3,3;  1,1,2,1,2;  1,3,3,1,1;  1,2,1,3,3;  2,3,3,1,2;  2,3,3,2,1;  3,3,1,2,1;  3,2,3,2,1;  3,3,3,2,3;  1,2,2,3,3;  2,1,2,1,1;  2,2,1,2,2;  2,2,1,3,1;  3,2,1,1,1;  2,3,1,1,1;  1,3,1,2,3;  3,2,3,1,2;  3,3,1,1,2;  1,3,1,1,1;  2,1,2,3,1;  1,3,3,1,3;  2,2,1,1,3;  3,2,1,3,1;  2,3,3,2,3;  3,1,1,3,3;  2,1,1,2,2;  2,3,1,3,1;  3,2,3,2,3;  1,1,3,2,1;  2,3,2,1,2;  2,3,2,2,1;  2,1,2,1,3;  2,1,2,2,2;  2,2,1,3,3;  3,2,1,1,3;  2,3,1,1,3;  2,3,1,2,2;  3,2,3,3,1;  1,1,3,1,2;  2,1,2,3,3;  3,3,2,2,1;  3,1,2,1,2;  2,2,2,1,2;  3,1,2,2,1;  3,2,1,3,3;  2,3,1,3,3;  1,1,3,2,3;  3,3,3,1,2;  1,1,3,3,2;  1,2,3,1,1;  2,3,2,2,3;  2,3,2,3,1;  3,1,3,1,2;  3,3,2,3,2;  1,1,2,2,1;  3,2,3,3,3;  1,3,2,1,1;  3,3,3,3,2;  2,1,3,3,1;  1,1,1,2,2;  3,2,2,2,2;  1,1,1,3,1;  3,2,2,3,1;  3,1,1,1,1;  3,3,2,2,3;  3,1,2,2,3;  1,3,2,2,2;  1,2,3,1,3;  1,3,2,3,1;  2,3,2,3,3;  1,1,1,1,3;  1,2,1,2,1;  2,2,3,2,1;  3,1,1,2,2;  3,1,3,3,1;  3,2,2,1,3;  1,1,2,2,3;  1,3,3,2,2;  2,1,3,2,2;  1,2,2,1,2;  2,3,3,3,2;  1,2,2,2,1;  3,3,1,3,2;  2,1,1,3,1;  1,3,2,1,3;  2,1,3,3,3;  3,1,3,2,2;  1,1,1,3,3;  2,2,3,1,2;  3,1,1,1,3;  3,2,2,3,3;  1,1,2,3,1;  3,2,1,2,2;  1,2,2,3,2;  3,3,1,2,3;  1,3,2,3,3;  2,2,1,2,1;  3,1,3,3,3;  1,2,1,2,3;  2,2,3,2,3;  2,2,3,3,2;  3,3,1,1,1;  1,3,1,2,2;  3,2,3,1,1;  2,2,2,2,1;  1,2,2,2,3;  2,1,1,3,3;  2,2,1,1,2;  3,1,1,3,2;  1,1,2,3,3;  1,3,1,1,3;  1,3,3,3,2;  2,3,2,1,1;  2,1,2,1,2;  2,1,2,2,1;  2,2,1,2,3;  2,2,1,3,2;  1,2,3,3,1;  3,2,3,1,3;  2,3,1,2,1;  1,1,3,1,1;  2,2,2,2,3;  2,1,3,1,1;  3,3,2,1,2;  1,2,3,2,2;  1,3,1,3,2;  3,3,3,1,1;  1,1,3,3,1;  2,2,2,3,1;  2,3,2,2,2;  3,1,2,3,1;  3,1,3,1,1;  2,1,2,2,3;  1,2,3,3,3;  1,2,1,1,2;  2,3,1,2,3;  2,1,1,1,1;  1,1,3,1,3;  2,1,3,1,3;  3,3,3,3,1;  1,1,1,2,1;  3,2,2,2,1;  3,3,2,2,2;  1,1,2,1,1;  1,2,1,3,2;  2,3,3,1,1;  3,3,3,1,3;  1,1,3,3,3;  2,2,2,3,3;  3,1,2,3,3;  1,1,1,1,2;  3,1,3,1,3;  3,2,2,1,2;  3,1,1,2,1;  3,3,3,2,2;  1,1,2,2,2;  1,3,3,2,1;  1,2,2,1,1;  2,3,3,3,1;  2,1,1,1,3;  3,3,1,3,1;  1,3,2,1,2;  3,3,3,3,3;  2,1,3,3,2;  1,1,1,2,3;  3,1,3,2,1;  1,1,1,3,2;  2,2,3,1,1;  3,1,1,1,2;  3,2,2,3,2;  1,1,2,1,3;  1,3,3,1,2;  3,2,1,2,1;  2,3,3,1,3;  2,3,3,2,2;  3,3,1,2,2;  2,1,1,2,1;  3,2,3,2,2;  2,2,3,3,1;  1,3,1,2,1;  1,3,3,2,3;  3,2,1,1,2;  2,3,3,3,3;  1,2,2,2,2;  2,1,1,3,2;  2,3,1,1,2;  3,3,1,1,3;  2,2,1,1,1;  3,1,3,2,3;  2,2,3,1,3;  3,1,1,3,1;  1,1,2,3,2;  1,3,1,1,2;  2,1,2,3,2;  1,3,3,3,1;  3,1,2,1,1;  2,2,2,1,1;  3,2,1,2,3;  3,2,1,3,2;  2,1,1,2,3;  2,3,1,3,2;  1,1,3,2,2;  2,3,2,1,3;  2,2,3,3,3;  3,3,2,3,1;  2,2,2,2,2;  3,2,3,3,2;  3,3,2,1,1;  1,2,3,2,1;  1,3,1,3,1;  1,3,3,3,3;  3,1,2,1,3;  2,2,2,1,3;  3,1,2,2,2;  1,2,3,3,2;  1,2,3,1,2;  1,3,2,2,1;  1,2,1,1,1;  3,3,2,3,3
safety-property: (decision(N1,R1,V1) & decision(N2,R2,V2)) -> V1 = V2
