template: votemap: VO1; inst: I1; round: R1, R2; value: VA1, VA2; quorum: Q1; node: N1, N2
total-ordered-types: round: le
type-abbr: votemap: VO; value: VA; inst: I; round: R; quorum: Q; node: N
relations: member: node, quorum; one_a: round; one_b_msg: node, round, votemap; left_round: node, round; joined_round: node, round; proposal: inst, round, value; active: round; vote: node, inst, round, value; decision: node, inst, round, value
functions: maxr: votemap, inst, round; maxv: votemap, inst, value
individuals: none: round
max-literal: 4
max-or: 3
max-and: 3
max-exists: 1
instance-sizes: 2,3,2,3,2,3;  3,2,3,3,3,2;  3,1,1,2,1,2;  1,2,2,3,2,1;  1,1,1,1,3,3;  2,1,1,3,2,3;  3,1,2,3,2,3;  1,3,2,2,3,1;  1,3,1,3,2,1;  3,1,1,2,2,3;  1,3,3,2,2,1;  2,3,2,2,1,3;  3,2,1,2,1,2;  2,3,3,1,2,1;  2,2,1,3,1,1;  3,2,2,3,1,1;  1,2,2,2,2,1;  1,2,3,2,1,3;  2,3,1,1,3,2;  3,1,3,1,1,2;  1,2,2,1,1,2;  3,2,1,2,2,3;  3,3,3,3,3,1;  3,1,1,1,2,3;  1,1,3,2,3,1;  1,2,2,2,3,2;  3,2,3,3,2,1;  1,3,2,3,3,2;  2,1,3,1,2,2;  2,1,2,1,2,1;  1,1,2,3,3,2;  2,1,1,2,3,3;  2,1,3,1,3,3;  1,2,3,1,1,3;  3,2,1,1,2,3;  3,1,1,1,3,3;  1,3,1,1,1,3;  2,2,1,2,3,3;  3,3,1,2,2,3;  1,2,1,1,1,1;  2,3,3,3,1,2;  1,2,1,3,1,3;  2,3,2,3,1,1;  3,3,2,2,1,3;  1,1,1,1,2,1;  1,3,2,1,2,3;  1,1,3,3,3,2;  1,1,1,3,2,3;  2,2,3,3,2,2;  3,3,3,1,3,3;  1,2,1,1,2,2;  2,3,3,3,2,3;  1,2,3,3,3,3;  3,1,1,2,1,1;  2,1,1,3,2,2;  3,1,2,3,2,2;  3,1,1,2,2,2;  3,2,3,1,1,3;  3,1,3,3,1,2;  3,3,1,3,1,2;  2,3,2,2,1,2;  2,1,2,3,2,3;  3,2,1,2,1,1;  3,1,3,3,2,3;  2,2,3,1,1,3;  2,3,3,2,2,3;  3,1,2,2,1,2;  3,3,1,3,2,3;  2,3,1,1,3,1;  2,1,1,2,2,2;  2,3,1,3,3,3;  1,2,2,1,1,1;  3,1,2,2,2,3;  1,2,1,2,2,3;  1,1,2,2,1,3;  3,2,2,2,3,3;  3,1,1,1,2,2;  3,3,2,3,3,3;  2,1,3,1,2,1;  2,1,2,2,2,3;  3,2,1,1,1,1;  3,2,1,3,1,3;  1,3,3,3,3,2;  3,1,3,2,2,3;  1,1,2,3,3,1;  2,1,1,2,3,2;  1,2,3,1,1,2;  2,3,1,2,3,3;  3,2,1,1,2,2;  2,2,2,2,2,3;  3,2,3,2,3,3;  1,1,2,1,1,3;  3,3,1,2,2,2;  2,3,3,3,1,1;  1,2,3,3,2,1;  1,2,1,3,1,2;  2,2,1,1,3,2;  1,3,3,1,1,3;  2,1,3,2,2,3;  3,2,2,1,3,2;  1,3,2,1,2,2;  2,2,3,3,2,1;  1,1,3,3,3,1;  3,3,3,1,3,2;  1,2,3,3,3,2;  2,1,2,3,1,2;  1,3,1,2,3,3;  1,3,2,2,1,2;  1,2,2,3,1,3;  3,3,1,1,2,2;  3,1,3,3,1,1;  2,2,2,1,2,2;  2,3,3,2,1,1;  1,2,1,2,1,2;  2,3,2,1,2,3;  3,2,3,1,3,2;  3,3,1,3,1,1;  3,3,1,1,3,3;  2,1,2,3,2,2;  2,2,2,1,3,3;  2,2,1,2,2,1;  1,2,3,2,3,2;  1,1,1,1,1,3;  2,2,3,1,1,2;  2,3,2,2,3,1;  2,1,3,3,3,3;  2,3,3,2,2,2;  2,3,3,1,1,3;  3,1,2,2,1,1;  3,2,2,2,2,1;  3,1,1,3,3,3;  2,1,1,2,2,1;  1,3,1,3,1,3;  1,2,2,2,1,3;  3,3,3,2,3,3;  3,3,2,3,2,1;  1,1,3,1,3,3;  1,3,3,2,1,3;  3,2,2,2,3,2;  3,1,1,1,2,1;  1,1,1,3,1,1;  3,1,3,2,1,1;  3,3,3,1,2,1;  3,3,3,3,2,3;  1,1,3,2,2,3;  3,3,2,3,3,2;  3,3,2,1,3,3;  2,1,2,2,2,2;  3,2,1,3,1,2;  1,3,3,3,3,1;  3,1,3,2,2,2;  2,3,1,2,3,2;  2,2,2,2,2,2;  3,2,1,3,2,3;  3,2,3,2,3,2;  1,1,2,1,1,2;  3,3,1,2,2,1;  3,2,3,3,1,3;  3,3,2,2,3,2;  2,2,1,1,3,1;  1,3,3,1,1,2;  1,3,1,2,2,1;  2,1,3,2,2,2;  3,2,2,1,3,1;  2,2,3,2,3,2;  2,3,1,3,2,1;  3,2,2,3,3,3;  1,1,1,2,3,3;  1,2,1,3,3,1;  2,1,2,3,1,1;  1,3,2,2,1,1;  1,3,1,2,3,2;  2,3,2,1,1,1;  3,3,1,1,2,1;  2,2,2,1,2,1;  1,2,1,2,1,1;  2,1,3,3,2,1;  2,3,2,1,2,2;  3,2,3,1,3,1;  3,1,1,3,2,1;  3,3,1,1,3,2;  2,2,2,1,3,2;  2,3,1,1,1,2;  1,2,3,2,3,1;  3,2,3,2,2,1;  2,1,3,3,3,2;  1,3,2,1,1,1;  1,3,2,3,1,3;  3,1,1,3,3,2;  1,3,1,3,1,2;  1,1,2,2,3,2;  1,1,3,2,1,1;  1,2,2,2,1,2;  2,1,1,1,3,3;  2,3,1,1,2,3;  3,1,2,1,3,3;  1,2,1,1,3,3;  3,3,3,2,3,2;  1,3,1,1,3,1;  3,3,3,3,2,2;  1,3,3,2,3,2;  1,1,3,2,2,2;  3,3,2,1,3,2;  2,1,2,2,2,1;  3,2,1,3,1,1;  2,2,1,3,2,2;  3,2,2,3,2,2;  2,2,1,2,1,3;  3,2,2,2,1,3;  2,2,1,3,3,3;  1,1,2,1,1,1;  1,1,3,1,2,2;  3,3,2,2,3,1;  3,3,3,1,1,3;  1,3,3,1,1,1;  2,1,3,2,2,1;  2,2,3,2,3,1;  2,2,2,3,3,3;  2,2,1,1,1,3;  1,2,2,3,3,2;  3,2,2,1,1,3;  3,3,2,1,2,1;  3,2,1,1,3,3;  3,1,2,3,3,3;  2,3,2,1,2,1;  2,2,3,1,3,1;  2,2,3,3,3,3;  2,1,1,1,2,1;  1,3,1,2,1,3;  2,3,3,1,3,2;  2,3,1,1,1,1;  3,1,2,1,2,1;  3,2,2,1,2,3;  2,3,1,3,1,3;  1,3,2,3,1,2;  1,2,2,1,2,3;  1,1,2,2,3,1;  2,1,1,1,3,2;  1,1,2,3,1,2;  1,2,1,1,3,2;  2,1,1,2,1,3;  3,1,2,1,3,2;  1,3,1,3,3,1;  1,1,1,2,2,1;  2,1,3,1,1,3;  3,3,3,3,2,1;  1,3,3,2,3,1;  3,1,3,1,2,2;  3,1,1,1,1,3;  3,3,1,1,1,3;  1,3,3,3,1,2;  2,3,2,2,2,3;  2,1,2,1,3,2;  2,3,1,2,1,3;  2,2,1,3,2,1;  1,3,3,3,2,3;  3,2,2,3,2,1;  2,2,1,2,1,2;  3,2,3,2,1,3;  3,2,1,2,3,3;  1,1,3,3,1,2;  2,3,3,2,3,3;  1,2,3,3,1,3;  2,2,2,3,2,1;  1,3,3,1,3,1;  3,3,3,2,2,1;  1,1,3,1,2,1;  1,1,3,3,2,3;  2,3,2,3,2,2;  3,2,3,3,3,1;  3,3,3,1,1,2;  3,1,2,2,3,3;  1,1,1,1,3,2;  2,2,2,3,3,2;  2,2,1,1,1,2;  1,2,2,3,3,1;  3,2,2,1,1,2;  2,1,1,3,3,3;  3,1,1,2,3,3;  3,2,1,1,3,2;  3,1,2,3,3,2;  2,2,2,1,1,3;  1,2,3,2,1,2;  1,1,2,1,3,1;  3,3,2,2,2,3;  2,2,3,3,3,2;  3,1,3,1,1,1;  3,2,1,2,2,2;  1,3,1,2,1,2;  2,3,3,1,3,1;  2,3,3,3,3,3;  1,2,2,2,3,1;  1,3,2,2,2,3;  3,3,2,3,1,3;  1,2,3,2,2,3;  1,2,2,1,2,2;  1,1,2,3,1,1;  1,3,2,3,3,1;  2,1,1,2,1,2;  3,3,1,3,3,3;  3,3,2,1,1,3;  3,1,1,3,1,3;  3,1,3,1,2,1;  1,2,2,1,3,3;  3,3,3,2,2,2;  1,3,3,3,1,1;  2,1,3,1,3,2;  2,3,2,2,2,2;  2,1,2,1,3,1;  3,1,1,1,3,2;  2,1,2,3,3,3;  1,3,1,1,1,2;  3,1,3,3,3,3;  2,2,1,2,3,2;  2,3,1,2,1,2;  1,2,3,1,2,3;  3,2,3,2,1,2;  2,2,3,2,1,3;  1,3,1,1,2,3;  1,1,3,3,1,1;  2,3,3,2,3,2;  1,2,1,2,3,3;  1,1,2,2,2,3;  1,2,3,3,1,2;  3,3,1,2,3,3;  3,3,2,2,1,2;  1,1,1,3,2,2;  1,2,1,1,2,1;  2,2,2,2,3,3;  2,3,3,3,2,2;  1,1,1,2,1,3;  1,2,1,3,2,3;  2,3,2,3,2,1;  2,1,2,2,3,3;  1,1,1,1,3,1;  1,3,2,1,3,3;  2,1,1,3,2,1;  1,1,1,3,3,3;  2,1,3,2,1,3;  3,1,2,3,2,1;  3,1,3,2,3,3;  2,2,3,2,2,3;  2,2,1,1,1,1;  3,1,1,2,2,1;  3,2,3,1,1,2;  3,2,2,1,1,1;  2,1,1,3,3,2;  2,3,2,2,1,1;  1,1,2,1,2,3;  2,1,3,3,1,3;  3,1,1,2,3,2;  3,2,3,1,2,3;  3,1,3,3,2,2;  3,2,1,1,3,1;  3,2,1,3,3,3;  3,1,2,3,3,1;  3,3,3,2,1,3;  3,3,1,3,2,2;  2,2,2,1,1,2;  1,2,3,2,1,1;  2,3,1,3,3,2;  3,2,1,2,2,1;  2,2,3,1,2,3;  3,1,2,2,2,2;  1,2,1,2,2,2;  1,1,2,2,1,2;  2,1,1,1,1,3;  3,3,2,3,1,2;  1,3,2,2,2,2;  3,1,2,1,1,3;  1,2,2,1,2,1;  1,2,2,3,2,3;  3,3,1,3,3,2;  3,3,2,1,1,2;  2,1,1,2,3,1;  1,3,1,3,2,3;  2,1,3,1,3,1;  1,2,3,1,1,1;  1,3,3,2,2,3;  3,2,1,1,2,1;  3,1,1,1,3,1;  1,3,1,1,1,1;  2,2,1,2,3,1;  2,3,1,2,1,1;  1,2,3,1,2,2;  2,2,1,3,1,3;  2,2,3,2,1,2;  3,2,2,3,1,3;  1,2,2,2,2,3;  1,2,1,3,1,1;  2,3,3,2,3,1;  3,3,1,2,3,2;  1,3,2,1,2,1;  3,3,2,2,1,1;  1,1,1,3,2,1;  3,3,3,1,3,1;  3,3,3,3,3,3;  2,2,2,2,3,2;  2,3,3,3,2,1;  1,1,3,2,3,3;  1,1,1,2,1,2;  1,2,1,3,2,2;  1,2,3,3,3,1;  1,3,3,1,2,3;  2,2,2,3,1,3;  2,1,3,2,3,3;  2,1,2,2,3,2;  1,3,2,1,3,2;  3,2,3,3,2,3;  1,2,2,3,1,2;  3,1,3,2,3,2;  2,1,2,1,2,3;  3,2,3,1,1,1;  1,1,2,1,2,2;  2,1,2,3,2,1;  2,1,3,3,1,2;  3,1,3,3,2,1;  2,2,3,1,1,1;  2,3,3,2,2,1;  1,1,1,1,1,2;  2,2,3,3,1,3;  2,3,2,1,3,3;  2,3,3,1,1,2;  3,3,1,3,2,1;  1,2,1,1,1,3;  2,3,1,3,3,1;  2,3,2,3,1,3;  2,2,3,1,2,2;  1,1,3,1,3,2;  1,1,1,1,2,3;  1,2,1,2,2,1;  1,1,2,2,1,1;  1,3,3,2,1,2;  2,1,1,1,1,2;  3,1,2,2,2,1;  3,2,2,2,3,1;  3,1,2,1,1,2;  2,1,2,1,1,3;  3,1,1,2,1,3;  3,3,2,3,3,1;  1,3,2,3,2,3;  3,1,3,2,2,1;  1,3,1,3,2,2;  1,3,3,2,2,2;  2,3,1,2,3,1;  2,2,2,2,2,1;  3,2,1,3,2,2;  3,2,3,2,3,1;  3,2,1,2,1,3;  3,2,3,3,1,2;  2,2,3,2,1,1;  1,2,2,2,2,2;  2,3,1,1,3,3;  1,1,2,3,2,3;  3,3,1,2,3,1;  3,2,2,3,3,2;  1,1,1,2,3,2;  3,3,3,3,3,2;  2,2,2,2,3,1;  3,1,3,1,3,3;  2,2,2,3,1,2;  1,3,3,1,2,2;  1,3,1,2,3,1;  2,1,3,2,3,2;  3,2,3,3,2,2;  2,1,3,1,2,3;  1,2,2,3,1,1;  3,2,1,1,1,3;  2,1,1,3,1,3;  3,1,2,3,1,3;  1,1,2,3,3,3;  3,3,1,2,1,3;  3,3,1,1,3,1;  2,2,2,1,3,1;  1,1,1,1,1,1;  2,2,3,3,1,2;  2,1,3,3,3,1;  2,3,2,3,3,3;  2,3,2,1,3,2;  2,3,3,1,1,1;  1,2,1,1,1,2;  2,3,3,3,1,3;  1,2,3,3,2,3;  1,3,1,3,1,1;  3,1,1,3,3,1;  1,2,2,2,1,1;  3,3,3,2,3,1;  2,3,1,1,2,2;  1,1,3,1,3,1;  1,3,3,2,1,1;  1,1,3,3,3,3;  2,1,2,1,1,2;  1,1,3,2,2,1;  3,3,2,1,3,1;  1,3,2,3,2,2;  3,1,3,3,1,3;  2,3,3,2,1,3;  3,2,2,2,1,2;  3,2,1,3,2,1;  3,3,1,3,1,3;  2,2,1,3,3,2;  3,2,3,3,1,1;  2,3,2,2,3,3;  2,2,1,2,2,3;  3,1,2,2,1,3;  3,2,2,2,2,3;  1,1,2,3,2,2;  2,1,1,2,2,3;  3,2,2,3,3,1;  3,3,2,3,2,3;  1,1,1,2,3,1;  2,1,2,2,1,3;  3,1,3,1,3,2;  1,1,1,3,1,3;  2,2,2,3,1,1;  1,3,3,1,2,1;  3,1,3,2,1,3;  2,1,3,2,3,1;  3,3,3,1,2,3;  3,2,1,1,1,2;  2,1,1,3,1,2;  1,3,3,3,3,3;  3,1,2,3,1,2;  2,2,1,1,2,3;  3,3,1,2,1,2;  1,2,3,1,3,3;  3,2,2,1,2,2;  2,2,3,3,1,1;  2,3,1,3,1,2;  2,3,2,3,3,2;  2,3,2,1,3,1;  1,3,2,3,1,1;  1,2,3,3,2,2;  2,2,1,1,3,3;  2,1,1,1,3,1;  1,3,1,2,2,3;  2,3,1,1,2,1;  3,1,2,1,3,1;  1,2,1,1,3,1;  2,3,1,3,2,3;  3,2,2,1,3,3;  1,2,1,3,3,3;  2,1,3,1,1,2;  2,1,2,1,1,1;  3,3,1,1,1,2;  3,1,1,1,1,2;  2,1,2,3,1,3;  1,3,2,2,1,3;  1,3,2,3,2,1;  2,3,2,1,1,3;  3,3,1,1,2,3;  1,3,3,3,2,2;  2,2,2,1,2,3;  2,2,1,2,1,1;  2,3,3,2,1,2;  1,2,1,2,1,3;  2,1,3,3,2,3;  3,2,1,2,3,2;  3,2,2,2,1,1;  3,2,3,1,3,3;  3,1,1,3,2,3;  2,3,1,2,2,3;  2,2,1,3,3,1;  2,2,2,2,1,3;  2,3,2,2,3,2;  2,2,1,2,2,2;  1,2,3,2,3,3;  3,2,3,2,2,3;  3,2,2,2,2,2;  1,3,2,1,1,3;  1,1,3,3,2,2;  3,3,3,1,1,1;  1,1,2,3,2,1;  3,1,2,2,3,2;  3,3,3,3,1,3;  1,1,3,2,1,3;  3,3,2,3,2,2;  2,2,2,3,3,1;  2,1,2,2,1,2;  1,3,1,1,3,3;  3,1,3,1,3,1;  1,1,1,3,1,2;  3,1,3,2,1,2;  3,3,3,1,2,2;  2,1,1,3,1,1;  3,1,2,3,1,1;  2,2,1,1,2,2;  3,3,1,2,1,1;  1,1,3,1,1,3;  3,3,2,2,2,2;  2,2,3,3,3,1;  1,2,3,1,3,2;  1,3,1,2,1,1;  3,2,2,1,2,1;  2,3,3,3,3,2;  2,3,1,3,1,1;  2,3,2,3,3,1;  1,1,2,1,3,3;  1,2,3,2,2,2;  3,3,2,2,3,3;  1,3,1,2,2,2;  2,1,1,2,1,1;  2,2,3,2,3,3;  2,3,1,3,2,2;  1,2,1,3,3,2;  1,3,2,2,3,3;  2,1,3,1,1,1;  3,1,1,3,1,2;  3,3,1,1,1,1;  1,2,2,1,3,2;  3,1,1,1,1,1;  2,3,2,2,2,1;  2,1,2,3,3,2;  2,3,2,1,1,2;  3,3,2,1,2,3;  3,1,3,3,3,2;  1,3,3,3,2,1;  2,3,3,1,2,3;  3,2,3,2,1,1;  2,1,3,3,2,2;  1,3,1,1,2,2;  3,2,1,2,3,1;  2,2,3,1,3,3;  2,3,1,2,2,2;  3,1,1,3,2,2;  1,2,1,2,3,2;  2,2,2,2,1,2;  1,1,2,2,2,2;  1,2,3,3,1,1;  2,1,1,1,2,3;  2,3,1,1,1,3;  3,1,2,1,2,3;  3,2,3,2,2,2;  1,3,2,1,1,2;  1,1,3,3,2,1;  3,3,3,3,1,2;  3,1,2,2,3,1;  1,1,2,2,3,3;  1,1,3,2,1,2;  1,1,1,3,3,2;  2,1,3,2,1,2;  1,3,1,3,3,3;  2,1,2,2,1,1;  1,3,1,1,3,2;  2,2,3,2,2,2;  1,1,1,2,2,3;  1,3,3,2,3,3;  2,1,1,3,3,1;  2,2,1,1,2,1;  3,1,1,2,3,1;  3,2,3,1,2,2;  2,2,1,3,2,3;  3,2,1,3,3,2;  3,2,2,3,2,3;  3,3,3,2,1,2;  2,2,2,1,1,1;  1,1,3,1,1,2;  3,3,2,2,2,1;  1,2,3,1,3,1;  2,3,3,3,3,1;  2,2,2,3,2,3;  1,3,3,1,3,3;  1,3,2,2,2,1;  3,3,2,3,1,1;  1,1,2,1,3,2;  1,1,3,1,2,3;  1,2,3,2,2,1;  3,3,3,2,2,3;  3,2,3,3,3,3;  1,2,2,3,2,2;  3,3,1,3,3,1;  1,3,2,2,3,2;  3,3,2,1,1,1;  3,1,1,3,1,1;  1,2,2,1,3,1;  1,2,2,3,3,3;  2,1,2,3,3,1;  3,3,2,1,2,2;  3,1,3,3,3,1;  2,3,3,1,2,2;  1,2,3,1,2,1;  2,2,1,3,1,2;  1,3,1,1,2,1;  3,2,2,3,1,2;  2,2,3,1,3,2;  2,3,1,2,2,1;  1,2,1,2,3,1;  1,2,2,1,1,3;  1,1,2,2,2,1;  2,1,1,1,2,2;  2,2,2,2,1,1;  2,3,3,1,3,3;  3,1,3,1,1,3;  3,1,2,1,2,2;  1,1,3,2,3,2;  1,1,1,2,1,1;  1,2,1,3,2,1;  1,2,2,2,3,3;  3,3,3,3,1,1;  2,1,2,2,3,1;  1,3,2,1,3,1;  1,1,1,3,3,1;  2,1,3,2,1,1;  1,1,2,3,1,3;  1,3,2,3,3,3;  1,3,1,3,3,2;  2,1,2,1,2,2;  2,2,3,2,2,1;  3,1,3,2,3,1;  1,1,1,2,2,2;  3,1,3,1,2,3;  1,3,3,3,1,3;  2,1,2,1,3,3;  1,1,2,1,2,1;  2,1,3,3,1,1;  3,2,3,1,2,1;  3,2,1,3,3,1;  3,3,3,2,1,1;  1,1,3,1,1,1;  1,1,3,3,1,3;  2,3,2,3,1,2;  2,2,3,1,2,1;  1,1,1,1,2,2;  2,2,3,3,2,3;  2,1,1,1,1,1;  2,2,2,3,2,2;  1,3,3,1,3,2;  3,1,2,1,1,1;  1,2,1,1,2,3
safety-property: decision(N1,I,R1,V1) & decision(N2,I,R2,V2) -> V1 = V2
